%YAML:1.0
    T: !!opencv-matrix
        rows: 3
        cols: 1
        dt: d
        data: [ -228.307785, 4.343484, 8.351340]
    om: !!opencv-matrix
        rows: 3
        cols: 1
        dt: d
        data: [ -0.024683, 0.017156, -0.006636]
    fc_right: !!opencv-matrix
        rows: 2
        cols: 1
        dt: d
        data: [ 619.521681, 618.815518]
    cc_right: !!opencv-matrix
        rows: 2
        cols: 1
        dt: d
        data: [ 298.316968, 242.333203]
    kc_right: !!opencv-matrix
        rows: 5
        cols: 1
        dt: d
        data: [ -0.050693, 0.189009, -0.005339, 
            -0.003697, 0.000000]
    fc_left: !!opencv-matrix
        rows: 2
        cols: 1
        dt: d
        data: [ 622.071941, 617.383970]
    cc_left: !!opencv-matrix
        rows: 2
        cols: 1
        dt: d
        data: [ 318.482405, 249.636594]
    kc_left: !!opencv-matrix
        rows: 5
        cols: 1
        dt: d
        data: [ 0.003878, -0.030028, 0.000012, 
            -0.016183, 0.000000]
