%YAML:1.0
    T: !!opencv-matrix
        rows: 3
        cols: 1
        dt: d
        data: [ 234.907808, 8.612463, 3.135877]
    om: !!opencv-matrix
        rows: 3
        cols: 1
        dt: d
        data: [ 0.035502, -0.082870, 0.044003]
    fc_right: !!opencv-matrix
        rows: 2
        cols: 1
        dt: d
        data: [ 1210.931834, 1211.698916]
    cc_right: !!opencv-matrix
        rows: 2
        cols: 1
        dt: d
        data: [ 607.872428, 502.185762]
    kc_right: !!opencv-matrix
        rows: 5
        cols: 1
        dt: d
        data: [ -0.110525, 0.156345, -0.001611, 
            -0.004650, 0.000000]
    fc_left: !!opencv-matrix
        rows: 2
        cols: 1
        dt: d
        data: [ 1219.325514, 1222.435662]
    cc_left: !!opencv-matrix
        rows: 2
        cols: 1
        dt: d
        data: [ 611.225664, 509.584302]
    kc_left: !!opencv-matrix
        rows: 5
        cols: 1
        dt: d
        data: [ -0.103200, 0.145488, -0.002073, 
            -0.003445, 0.000000]
    emax: !!opencv-matrix
        rows: 1
        cols: 1
        dt: d
        data: [ 0.536375]
