%YAML:1.0
    T: !!opencv-matrix
        rows: 3
        cols: 1
        dt: d
        data: [ -227.848911, -1.288748, 53.219556]
    om: !!opencv-matrix
        rows: 3
        cols: 1
        dt: d
        data: [ -0.002722, 0.219506, 0.007380]
    fc_left: !!opencv-matrix
        rows: 2
        cols: 1
        dt: d
        data: [ 1213.500936, 1211.315817]
    cc_left: !!opencv-matrix
        rows: 2
        cols: 1
        dt: d
        data: [ 636.027560, 505.323679]
    kc_left: !!opencv-matrix
        rows: 5
        cols: 1
        dt: d
        data: [ -0.128889, 0.268508, -0.000139, 
            0.002291, 0.000000]
    fc_right: !!opencv-matrix
        rows: 2
        cols: 1
        dt: d
        data: [ 1220.106094, 1217.864685]
    cc_right: !!opencv-matrix
        rows: 2
        cols: 1
        dt: d
        data: [ 635.589608, 518.494357]
    kc_right: !!opencv-matrix
        rows: 5
        cols: 1
        dt: d
        data: [ -0.131728, 0.264286, -0.000153, 
            0.001076, 0.000000]
    emax: !!opencv-matrix
        rows: 1
        cols: 1
        dt: d
        data: [ 1.086325]
