%YAML:1.0
    T: !!opencv-matrix
        rows: 3
        cols: 1
        dt: d
        data: [ 218.996923, 4.295307, 11.734119]
    om: !!opencv-matrix
        rows: 3
        cols: 1
        dt: d
        data: [ 0.024437, -0.109634, 0.035374]
    fc_right: !!opencv-matrix
        rows: 2
        cols: 1
        dt: d
        data: [ 1205.625481, 1208.601175]
    cc_right: !!opencv-matrix
        rows: 2
        cols: 1
        dt: d
        data: [ 630.000107, 518.809652]
    kc_right: !!opencv-matrix
        rows: 5
        cols: 1
        dt: d
        data: [ -0.103261, 0.122604, 0.003081, 
            0.000218, 0.000000]
    fc_left: !!opencv-matrix
        rows: 2
        cols: 1
        dt: d
        data: [ 1211.063102, 1213.462500]
    cc_left: !!opencv-matrix
        rows: 2
        cols: 1
        dt: d
        data: [ 625.275606, 534.231598]
    kc_left: !!opencv-matrix
        rows: 5
        cols: 1
        dt: d
        data: [ -0.123060, 0.161911, 0.001450, 
            -0.002589, 0.000000]
    emax: !!opencv-matrix
        rows: 1
        cols: 1
        dt: d
        data: [ 0.891448]
