%YAML:1.0
    T: !!opencv-matrix
        rows: 3
        cols: 1
        dt: d
        data: [ -232.459898, -3.083316, 32.681996]
    om: !!opencv-matrix
        rows: 3
        cols: 1
        dt: d
        data: [ -0.017498, 0.232490, 0.010319]
    fc_left: !!opencv-matrix
        rows: 2
        cols: 1
        dt: d
        data: [ 1212.147702, 1209.257944]
    cc_left: !!opencv-matrix
        rows: 2
        cols: 1
        dt: d
        data: [ 627.481224, 512.459110]
    kc_left: !!opencv-matrix
        rows: 5
        cols: 1
        dt: d
        data: [ -0.092532, 0.204596, 0.001291, 
            -0.003982, 0.000000]
    fc_right: !!opencv-matrix
        rows: 2
        cols: 1
        dt: d
        data: [ 1218.067955, 1219.835665]
    cc_right: !!opencv-matrix
        rows: 2
        cols: 1
        dt: d
        data: [ 635.480709, 501.229837]
    kc_right: !!opencv-matrix
        rows: 5
        cols: 1
        dt: d
        data: [ -0.122678, 0.240667, -0.003461, 
            0.000139, 0.000000]
    emax: !!opencv-matrix
        rows: 1
        cols: 1
        dt: d
        data: [ 0.742481]
