%YAML:1.0
    T: !!opencv-matrix
        rows: 3
        cols: 1
        dt: d
        data: [ -236.648973, -2.120950, 7.637183]
    om: !!opencv-matrix
        rows: 3
        cols: 1
        dt: d
        data: [ 0.003366, 0.208543, 0.004460]
    fc_right: !!opencv-matrix
        rows: 2
        cols: 1
        dt: d
        data: [ 1221.408723, 1225.555934]
    cc_right: !!opencv-matrix
        rows: 2
        cols: 1
        dt: d
        data: [ 665.273281, 500.383724]
    kc_right: !!opencv-matrix
        rows: 5
        cols: 1
        dt: d
        data: [ -0.117896, 0.181797, -0.005850, 
            0.006475, 0.000000]
    fc_left: !!opencv-matrix
        rows: 2
        cols: 1
        dt: d
        data: [ 1211.212595, 1217.349172]
    cc_left: !!opencv-matrix
        rows: 2
        cols: 1
        dt: d
        data: [ 675.421285, 487.459853]
    kc_left: !!opencv-matrix
        rows: 5
        cols: 1
        dt: d
        data: [ -0.112169, 0.183808, -0.005616, 
            0.011165, 0.000000]
    emax: !!opencv-matrix
        rows: 1
        cols: 1
        dt: d
        data: [ 1.101837]
