%YAML:1.0
    T: !!opencv-matrix
        rows: 3
        cols: 1
        dt: d
        data: [ -208.588734, 3.182759, 8.597935]
    om: !!opencv-matrix
        rows: 3
        cols: 1
        dt: d
        data: [ 0.044188, 0.115104, 0.012112]
    fc_right: !!opencv-matrix
        rows: 2
        cols: 1
        dt: d
        data: [ 1216.264390, 1215.305077]
    cc_right: !!opencv-matrix
        rows: 2
        cols: 1
        dt: d
        data: [ 617.783095, 519.986624]
    kc_right: !!opencv-matrix
        rows: 5
        cols: 1
        dt: d
        data: [ -0.119548, 0.182206, 0.000038, 
            -0.003704, 0.000000]
    fc_left: !!opencv-matrix
        rows: 2
        cols: 1
        dt: d
        data: [ 1210.670717, 1208.555378]
    cc_left: !!opencv-matrix
        rows: 2
        cols: 1
        dt: d
        data: [ 617.107917, 499.231756]
    kc_left: !!opencv-matrix
        rows: 5
        cols: 1
        dt: d
        data: [ -0.108237, 0.110272, -0.000396, 
            -0.002190, 0.000000]
    emax: !!opencv-matrix
        rows: 1
        cols: 1
        dt: d
        data: [ 0.494718]
