%YAML:1.0
    T: !!opencv-matrix
        rows: 3
        cols: 1
        dt: d
        data: [ -213.282446, 3.330392, 11.285931]
    om: !!opencv-matrix
        rows: 3
        cols: 1
        dt: d
        data: [ 0.040193, 0.082269, 0.009704]
    fc_right: !!opencv-matrix
        rows: 2
        cols: 1
        dt: d
        data: [ 1216.939179, 1219.884029]
    kc_right: !!opencv-matrix
        rows: 5
        cols: 1
        dt: d
        data: [ -0.107066, 0.133762, -0.000517, 
            -0.001152, 0.000000]
    cc_right: !!opencv-matrix
        rows: 2
        cols: 1
        dt: d
        data: [ 627.750853, 514.599610]
    fc_left: !!opencv-matrix
        rows: 2
        cols: 1
        dt: d
        data: [ 1211.055242, 1213.458258]
    kc_left: !!opencv-matrix
        rows: 5
        cols: 1
        dt: d
        data: [ -0.104701, 0.131662, -0.001077, 
            -0.000912, 0.000000]
    cc_left: !!opencv-matrix
        rows: 2
        cols: 1
        dt: d
        data: [ 627.151144, 495.167365]
    emax: !!opencv-matrix
        rows: 1
        cols: 1
        dt: d
        data: [ 0.735733]
