%YAML:1.0
    T: !!opencv-matrix
        rows: 3
        cols: 1
        dt: d
        data: [ -287.759311, 1.772576, 10.256996]
    om: !!opencv-matrix
        rows: 3
        cols: 1
        dt: d
        data: [ 0.026556, 0.351266, 0.014608]
    fc_right: !!opencv-matrix
        rows: 2
        cols: 1
        dt: d
        data: [ 1218.610114, 1215.896804]
    cc_right: !!opencv-matrix
        rows: 2
        cols: 1
        dt: d
        data: [ 620.567739, 493.126711]
    kc_right: !!opencv-matrix
        rows: 5
        cols: 1
        dt: d
        data: [ -0.127545, 0.225577, -0.002640, 
            -0.001466, 0.000000]
    fc_left: !!opencv-matrix
        rows: 2
        cols: 1
        dt: d
        data: [ 1224.225476, 1222.222469]
    cc_left: !!opencv-matrix
        rows: 2
        cols: 1
        dt: d
        data: [ 653.523359, 506.979312]
    kc_left: !!opencv-matrix
        rows: 5
        cols: 1
        dt: d
        data: [ -0.115694, 0.150555, -0.002342, 
            0.003619, 0.000000]
    emax: !!opencv-matrix
        rows: 1
        cols: 1
        dt: d
        data: [ 0.427390]
