%YAML:1.0
    T: !!opencv-matrix
        rows: 3
        cols: 1
        dt: d
        data: [ -312.541949, -0.724924, 125.244635]
    om: !!opencv-matrix
        rows: 3
        cols: 1
        dt: d
        data: [ 0.026501, 0.715060, 0.015538]
    kc_right: !!opencv-matrix
        rows: 5
        cols: 1
        dt: d
        data: [ -0.079520, 0.052141, 0.000985, 
            -0.006467, 0.000000]
    cc_right: !!opencv-matrix
        rows: 2
        cols: 1
        dt: d
        data: [ 605.833049, 511.031446]
    fc_right: !!opencv-matrix
        rows: 2
        cols: 1
        dt: d
        data: [ 1208.621303, 1210.218550]
    kc_left: !!opencv-matrix
        rows: 5
        cols: 1
        dt: d
        data: [ -0.120392, 0.139204, 0.001874, 
            -0.002478, 0.000000]
   
    cc_left: !!opencv-matrix
        rows: 2
        cols: 1
        dt: d
        data: [ 624.609700, 531.994657]
    fc_left: !!opencv-matrix
        rows: 2
        cols: 1
        dt: d
        data: [ 1209.111515, 1213.054278]
    emax: !!opencv-matrix
        rows: 1
        cols: 1
        dt: d
        data: [ 0.599620]
