%YAML:1.0
    T: !!opencv-matrix
        rows: 3
        cols: 1
        dt: d
        data: [ 228.060533, 6.207649, 4.555527]
    om: !!opencv-matrix
        rows: 3
        cols: 1
        dt: d
        data: [ 0.045712, -0.033956, 0.036563]
    fc_right: !!opencv-matrix
        rows: 2
        cols: 1
        dt: d
        data: [ 1219.490147, 1220.480292]
    cc_right: !!opencv-matrix
        rows: 2
        cols: 1
        dt: d
        data: [ 633.431741, 502.926713]
    kc_right: !!opencv-matrix
        rows: 5
        cols: 1
        dt: d
        data: [ -0.089267, 0.127135, 0.000530, 
            -0.000554, 0.000000]
    fc_left: !!opencv-matrix
        rows: 2
        cols: 1
        dt: d
        data: [ 1224.536561, 1225.163881]
    cc_left: !!opencv-matrix
        rows: 2
        cols: 1
        dt: d
        data: [ 630.789618, 514.871680]
    kc_left: !!opencv-matrix
        rows: 5
        cols: 1
        dt: d
        data: [ -0.089532, 0.106223, -0.001073, 
            0.001680, 0.000000]
    emax: !!opencv-matrix
        rows: 1
        cols: 1
        dt: d
        data: [ 0.849462]
