%YAML:1.0
    T: !!opencv-matrix
        rows: 3
        cols: 1
        dt: d
        data: [ -209.206851, 3.340161, 7.738619]
    om: !!opencv-matrix
        rows: 3
        cols: 1
        dt: d
        data: [ 0.039848, 0.113432, 0.011729]
    fc_right: !!opencv-matrix
        rows: 2
        cols: 1
        dt: d
        data: [ 1219.543362, 1222.035875]
    cc_right: !!opencv-matrix
        rows: 2
        cols: 1
        dt: d
        data: [ 626.408828, 513.360886]
    kc_right: !!opencv-matrix
        rows: 5
        cols: 1
        dt: d
        data: [ -0.113366, 0.156500, -0.000467, 
            -0.001353, 0.000000]
    fc_left: !!opencv-matrix
        rows: 2
        cols: 1
        dt: d
        data: [ 1212.688718, 1214.690997]
    cc_left: !!opencv-matrix
        rows: 2
        cols: 1
        dt: d
        data: [ 623.748451, 498.227752]
    kc_left: !!opencv-matrix
        rows: 5
        cols: 1
        dt: d
        data: [ -0.108753, 0.135539, -0.000514, 
            -0.000914, 0.000000]
    emax: !!opencv-matrix
        rows: 1
        cols: 1
        dt: d
        data: [ 0.681121]
