%YAML:1.0
    T: !!opencv-matrix
        rows: 3
        cols: 1
        dt: d
        data: [ 213.644301, 6.570527, 10.164856]
    om: !!opencv-matrix
        rows: 3
        cols: 1
        dt: d
        data: [ 0.028521, -0.102614, 0.040754]
    fc_right: !!opencv-matrix
        rows: 2
        cols: 1
        dt: d
        data: [ 1213.346978, 1216.101223]
    cc_right: !!opencv-matrix
        rows: 2
        cols: 1
        dt: d
        data: [ 631.356787, 516.401991]
    kc_right: !!opencv-matrix
        rows: 5
        cols: 1
        dt: d
        data: [ -0.109500, 0.139665, 0.001625, 
            0.001180, 0.000000]
    fc_left: !!opencv-matrix
        rows: 2
        cols: 1
        dt: d
        data: [ 1217.309572, 1219.667349]
    cc_left: !!opencv-matrix
        rows: 2
        cols: 1
        dt: d
        data: [ 633.051622, 531.432471]
    kc_left: !!opencv-matrix
        rows: 5
        cols: 1
        dt: d
        data: [ -0.119100, 0.138614, 0.000710, 
            -0.000177, 0.000000]
    emax: !!opencv-matrix
        rows: 1
        cols: 1
        dt: d
        data: [ 0.728098]
