%YAML:1.0
    T: !!opencv-matrix
        rows: 3
        cols: 1
        dt: d
        data: [ -0.000000, 0.000000, 0.000000]
    om: !!opencv-matrix
        rows: 3
        cols: 1
        dt: d
        data: [ 0.000000, 0.000000, 0.000000]
    fc_left: !!opencv-matrix
        rows: 2
        cols: 1
        dt: d
        data: [ 624.857197, 622.220959]
    cc_left: !!opencv-matrix
        rows: 2
        cols: 1
        dt: d
        data: [ 308.450912, 266.953550]
    kc_left: !!opencv-matrix
        rows: 5
        cols: 1
        dt: d
        data: [ -0.084923, 0.109904, 0.003923, 
            -0.008764, 0.000000]
    fc_right: !!opencv-matrix
        rows: 2
        cols: 1
        dt: d
        data: [ 624.857197, 622.220959]
    cc_right: !!opencv-matrix
        rows: 2
        cols: 1
        dt: d
        data: [ 308.450912, 266.953550]
    kc_right: !!opencv-matrix
        rows: 5
        cols: 1
        dt: d
        data: [ -0.084923, 0.109904, 0.003923, 
            -0.008764, 0.000000]
    emax: !!opencv-matrix
        rows: 1
        cols: 1
        dt: d
        data: [ 0.778157]
