%YAML:1.0
    T: !!opencv-matrix
        rows: 3
        cols: 1
        dt: d
        data: [ -195.846569, -3.234911, 33.485504]
    om: !!opencv-matrix
        rows: 3
        cols: 1
        dt: d
        data: [ 0.009928, 0.234916, 0.012331]
    fc_right: !!opencv-matrix
        rows: 2
        cols: 1
        dt: d
        data: [ 1224.317548, 1227.200851]
    cc_right: !!opencv-matrix
        rows: 2
        cols: 1
        dt: d
        data: [ 612.528710, 513.785003]
    kc_right: !!opencv-matrix
        rows: 5
        cols: 1
        dt: d
        data: [ -0.108893, 0.155260, -0.001294, 
            -0.004033, 0.000000]
    fc_left: !!opencv-matrix
        rows: 2
        cols: 1
        dt: d
        data: [ 1217.526826, 1219.774444]
    cc_left: !!opencv-matrix
        rows: 2
        cols: 1
        dt: d
        data: [ 622.424522, 495.647894]
    kc_left: !!opencv-matrix
        rows: 5
        cols: 1
        dt: d
        data: [ -0.110232, 0.176251, -0.001358, 
            -0.000754, 0.000000]
    emax: !!opencv-matrix
        rows: 1
        cols: 1
        dt: d
        data: [ 1.022717]
