%YAML:1.0
    T: !!opencv-matrix
        rows: 3
        cols: 1
        dt: d
        data: [ 204.121559, -1.669850, 9.994190]
    om: !!opencv-matrix
        rows: 3
        cols: 1
        dt: d
        data: [ -0.078919, -0.157523, -0.011621]
    fc_right: !!opencv-matrix
        rows: 2
        cols: 1
        dt: d
        data: [ 1220.535638, 1222.484041]
    cc_right: !!opencv-matrix
        rows: 2
        cols: 1
        dt: d
        data: [ 631.105774, 500.023326]
    kc_right: !!opencv-matrix
        rows: 5
        cols: 1
        dt: d
        data: [ -0.112326, 0.160863, -0.000521, 
            0.001432, 0.000000]
    fc_left: !!opencv-matrix
        rows: 2
        cols: 1
        dt: d
        data: [ 1225.910827, 1228.723244]
    cc_left: !!opencv-matrix
        rows: 2
        cols: 1
        dt: d
        data: [ 625.849367, 519.678231]
    kc_left: !!opencv-matrix
        rows: 5
        cols: 1
        dt: d
        data: [ -0.112434, 0.164387, -0.000160, 
            -0.000544, 0.000000]
    emax: !!opencv-matrix
        rows: 1
        cols: 1
        dt: d
        data: [ 0.663318]
