%YAML:1.0
    T: !!opencv-matrix
        rows: 3
        cols: 1
        dt: d
        data: [ -294.687062, 1.568698, 51.526231]
    om: !!opencv-matrix
        rows: 3
        cols: 1
        dt: d
        data: [ -0.013665, 0.221636, -0.013988]
    fc_left: !!opencv-matrix
        rows: 2
        cols: 1
        dt: d
        data: [ 1212.908485, 1212.372249]
    cc_left: !!opencv-matrix
        rows: 2
        cols: 1
        dt: d
        data: [ 656.248126, 528.878897]
    kc_left: !!opencv-matrix
        rows: 5
        cols: 1
        dt: d
        data: [ -0.119980, 0.138442, 0.001493, 
            0.001428, 0.000000]
    fc_right: !!opencv-matrix
        rows: 2
        cols: 1
        dt: d
        data: [ 1216.422314, 1215.395841]
    cc_right: !!opencv-matrix
        rows: 2
        cols: 1
        dt: d
        data: [ 647.686362, 518.085476]
    kc_right: !!opencv-matrix
        rows: 5
        cols: 1
        dt: d
        data: [ -0.113857, 0.130190, -0.000479, 
            0.001064, 0.000000]
    emax: !!opencv-matrix
        rows: 1
        cols: 1
        dt: d
        data: [ 0.374532]
