% Intrinsic and Extrinsic Camera Parameters
%
% This script file can be directly executed under Matlab to recover the camera intrinsic and extrinsic parameters.
% IMPORTANT: This file contains neither the structure of the calibration objects nor the image coordinates of the calibration points.
%            All those complementary variables are saved in the complete matlab data file Calib_Results.mat.
% For more information regarding the calibration model visit http://www.vision.caltech.edu/bouguetj/calib_doc/


%-- Focal length:
fc = [ 1215.742790525323500 ; 1213.514296877132400 ];

%-- Principal point:
cc = [ 639.395067680393820 ; 498.370535462022360 ];

%-- Skew coefficient:
alpha_c = 0.000000000000000;

%-- Distortion coefficients:
kc = [ -0.137352227138556 ; 0.299737030548843 ; -0.001326174535074 ; 0.002847607590401 ; 0.000000000000000 ];

%-- Focal length uncertainty:
fc_error = [ 8.056299138214035 ; 7.708504618444133 ];

%-- Principal point uncertainty:
cc_error = [ 9.364127363785435 ; 11.504337492074676 ];

%-- Skew coefficient uncertainty:
alpha_c_error = 0.000000000000000;

%-- Distortion coefficients uncertainty:
kc_error = [ 0.018159041365306 ; 0.097769762193024 ; 0.002249593743412 ; 0.001968331245025 ; 0.000000000000000 ];

%-- Image size:
nx = 1280;
ny = 1024;


%-- Various other variables (may be ignored if you do not use the Matlab Calibration Toolbox):
%-- Those variables are used to control which intrinsic parameters should be optimized

n_ima = 24;						% Number of calibration images
est_fc = [ 1 ; 1 ];					% Estimation indicator of the two focal variables
est_aspect_ratio = 1;				% Estimation indicator of the aspect ratio fc(2)/fc(1)
center_optim = 1;					% Estimation indicator of the principal point
est_alpha = 0;						% Estimation indicator of the skew coefficient
est_dist = [ 1 ; 1 ; 1 ; 1 ; 0 ];	% Estimation indicator of the distortion coefficients


%-- Extrinsic parameters:
%-- The rotation (omc_kk) and the translation (Tc_kk) vectors for every calibration image and their uncertainties

%-- Image #1:
omc_1 = [ -2.125174e+00 ; -2.251572e+00 ; -2.091323e-01 ];
Tc_1  = [ -4.007524e+01 ; -2.783054e+02 ; 1.057371e+03 ];
omc_error_1 = [ 7.735362e-03 ; 8.565011e-03 ; 1.859544e-02 ];
Tc_error_1  = [ 8.283826e+00 ; 1.009203e+01 ; 8.028927e+00 ];

%-- Image #2:
omc_2 = [ -2.174738e+00 ; -2.221533e+00 ; -1.849450e-01 ];
Tc_2  = [ -5.444562e+01 ; -1.830356e+02 ; 1.079660e+03 ];
omc_error_2 = [ 7.795641e-03 ; 8.911800e-03 ; 1.813858e-02 ];
Tc_error_2  = [ 8.375524e+00 ; 1.027025e+01 ; 7.655896e+00 ];

%-- Image #3:
omc_3 = [ -1.728454e+00 ; -1.986054e+00 ; 3.755297e-01 ];
Tc_3  = [ 6.047567e+01 ; -1.753366e+02 ; 1.122312e+03 ];
omc_error_3 = [ 7.277270e-03 ; 6.556780e-03 ; 1.200290e-02 ];
Tc_error_3  = [ 8.673766e+00 ; 1.066808e+01 ; 7.409747e+00 ];

%-- Image #4:
omc_4 = [ 2.041928e+00 ; 2.053489e+00 ; 5.292565e-01 ];
Tc_4  = [ -2.613474e+02 ; -1.937361e+02 ; 1.170473e+03 ];
omc_error_4 = [ 7.665202e-03 ; 6.463964e-03 ; 1.376288e-02 ];
Tc_error_4  = [ 9.279901e+00 ; 1.134620e+01 ; 8.608037e+00 ];

%-- Image #5:
omc_5 = [ 1.798632e+00 ; 1.708495e+00 ; -6.578205e-01 ];
Tc_5  = [ -1.736336e+02 ; -1.346562e+02 ; 1.329914e+03 ];
omc_error_5 = [ 6.546015e-03 ; 8.482311e-03 ; 1.066985e-02 ];
Tc_error_5  = [ 1.026627e+01 ; 1.268640e+01 ; 8.481043e+00 ];

%-- Image #6:
omc_6 = [ 1.875577e+00 ; 2.196425e+00 ; -1.140673e+00 ];
Tc_6  = [ -3.069486e+01 ; -1.036616e+02 ; 1.260572e+03 ];
omc_error_6 = [ 4.331829e-03 ; 1.058622e-02 ; 1.243454e-02 ];
Tc_error_6  = [ 9.704120e+00 ; 1.196048e+01 ; 7.486262e+00 ];

%-- Image #7:
omc_7 = [ -1.965207e+00 ; -2.204864e+00 ; 5.271896e-01 ];
Tc_7  = [ 5.096989e+01 ; -3.506258e+01 ; 1.257764e+03 ];
omc_error_7 = [ 7.830829e-03 ; 8.369837e-03 ; 1.531545e-02 ];
Tc_error_7  = [ 9.646910e+00 ; 1.190896e+01 ; 8.123501e+00 ];

%-- Image #8:
omc_8 = [ -2.016560e+00 ; -2.140235e+00 ; 3.629539e-01 ];
Tc_8  = [ -9.134294e+01 ; -7.716407e+01 ; 1.422858e+03 ];
omc_error_8 = [ 8.826058e-03 ; 8.184361e-03 ; 1.693301e-02 ];
Tc_error_8  = [ 1.095974e+01 ; 1.350466e+01 ; 9.152459e+00 ];

%-- Image #9:
omc_9 = [ 2.052437e+00 ; 2.078882e+00 ; 7.638861e-01 ];
Tc_9  = [ -2.524431e+02 ; -2.613327e+02 ; 1.285201e+03 ];
omc_error_9 = [ 7.726523e-03 ; 5.992237e-03 ; 1.371295e-02 ];
Tc_error_9  = [ 1.018189e+01 ; 1.247451e+01 ; 9.734159e+00 ];

%-- Image #10:
omc_10 = [ -2.556701e+00 ; -1.427854e+00 ; -6.456468e-01 ];
Tc_10  = [ -1.941381e+02 ; -2.067483e+02 ; 1.324934e+03 ];
omc_error_10 = [ 8.408016e-03 ; 6.891011e-03 ; 1.321556e-02 ];
Tc_error_10  = [ 1.038331e+01 ; 1.271904e+01 ; 9.825148e+00 ];

%-- Image #11:
omc_11 = [ -2.442169e+00 ; -1.854092e+00 ; -3.305430e-01 ];
Tc_11  = [ 1.703676e+02 ; -2.096195e+02 ; 1.424537e+03 ];
omc_error_11 = [ 7.584810e-03 ; 9.069609e-03 ; 1.693774e-02 ];
Tc_error_11  = [ 1.110793e+01 ; 1.355875e+01 ; 1.052953e+01 ];

%-- Image #12:
omc_12 = [ 2.092707e+00 ; 2.000328e+00 ; 6.520619e-01 ];
Tc_12  = [ -2.431605e+02 ; -2.263322e+02 ; 1.050877e+03 ];
omc_error_12 = [ 7.365637e-03 ; 5.488885e-03 ; 1.280402e-02 ];
Tc_error_12  = [ 8.390572e+00 ; 1.022111e+01 ; 7.953006e+00 ];

%-- Image #13:
omc_13 = [ -2.186198e+00 ; -2.218171e+00 ; -3.617008e-01 ];
Tc_13  = [ 1.293363e+02 ; -2.340405e+02 ; 1.035242e+03 ];
omc_error_13 = [ 5.387118e-03 ; 8.872577e-03 ; 1.574726e-02 ];
Tc_error_13  = [ 8.118187e+00 ; 9.885449e+00 ; 7.826068e+00 ];

%-- Image #14:
omc_14 = [ -2.138902e+00 ; -2.251877e+00 ; -1.554140e-01 ];
Tc_14  = [ 1.169851e+02 ; -3.780577e+01 ; 1.149560e+03 ];
omc_error_14 = [ 6.089991e-03 ; 9.749874e-03 ; 1.775710e-02 ];
Tc_error_14  = [ 8.891184e+00 ; 1.095237e+01 ; 7.984423e+00 ];

%-- Image #15:
omc_15 = [ 1.909758e+00 ; 1.899070e+00 ; 6.017164e-01 ];
Tc_15  = [ -3.671846e+02 ; -8.214019e+01 ; 1.057021e+03 ];
omc_error_15 = [ 7.907892e-03 ; 5.713983e-03 ; 1.173900e-02 ];
Tc_error_15  = [ 8.525437e+00 ; 1.042545e+01 ; 8.321993e+00 ];

%-- Image #16:
omc_16 = [ 1.916780e+00 ; 1.982060e+00 ; 8.253049e-01 ];
Tc_16  = [ -2.820898e+02 ; -3.010950e+02 ; 1.044515e+03 ];
omc_error_16 = [ 7.037589e-03 ; 5.448389e-03 ; 1.235006e-02 ];
Tc_error_16  = [ 8.498162e+00 ; 1.025859e+01 ; 8.368931e+00 ];

%-- Image #17:
omc_17 = [ -1.779926e+00 ; -2.023304e+00 ; 4.945215e-01 ];
Tc_17  = [ -1.138668e+02 ; -1.429050e+02 ; 1.266620e+03 ];
omc_error_17 = [ 8.182481e-03 ; 6.447532e-03 ; 1.306756e-02 ];
Tc_error_17  = [ 9.797876e+00 ; 1.204353e+01 ; 8.081068e+00 ];

%-- Image #18:
omc_18 = [ -1.752764e+00 ; -1.974564e+00 ; 4.808974e-01 ];
Tc_18  = [ -3.237381e+01 ; -1.429941e+02 ; 1.438451e+03 ];
omc_error_18 = [ 8.041134e-03 ; 6.574707e-03 ; 1.279079e-02 ];
Tc_error_18  = [ 1.108809e+01 ; 1.363973e+01 ; 9.185443e+00 ];

%-- Image #19:
omc_19 = [ -1.734361e+00 ; -1.944792e+00 ; 4.931580e-01 ];
Tc_19  = [ -4.468136e+01 ; -1.278329e+02 ; 1.071847e+03 ];
omc_error_19 = [ 7.666766e-03 ; 6.243210e-03 ; 1.201484e-02 ];
Tc_error_19  = [ 8.254885e+00 ; 1.016512e+01 ; 6.767125e+00 ];

%-- Image #20:
omc_20 = [ 1.650852e+00 ; 1.448911e+00 ; 1.082796e+00 ];
Tc_20  = [ -1.878584e+02 ; -1.538725e+02 ; 1.008819e+03 ];
omc_error_20 = [ 8.765054e-03 ; 5.487569e-03 ; 9.714644e-03 ];
Tc_error_20  = [ 7.952048e+00 ; 9.693285e+00 ; 7.661447e+00 ];

%-- Image #21:
omc_21 = [ 1.670143e+00 ; 1.564282e+00 ; 1.006329e+00 ];
Tc_21  = [ -1.597456e+02 ; -1.789807e+02 ; 1.194703e+03 ];
omc_error_21 = [ 8.642575e-03 ; 5.513721e-03 ; 1.020661e-02 ];
Tc_error_21  = [ 9.350580e+00 ; 1.141409e+01 ; 8.772243e+00 ];

%-- Image #22:
omc_22 = [ 1.724242e+00 ; 1.682479e+00 ; 9.428923e-01 ];
Tc_22  = [ -2.588824e+02 ; -2.067517e+02 ; 1.274489e+03 ];
omc_error_22 = [ 8.159242e-03 ; 5.322174e-03 ; 1.074842e-02 ];
Tc_error_22  = [ 1.009293e+01 ; 1.228706e+01 ; 9.539798e+00 ];

%-- Image #23:
omc_23 = [ 1.648398e+00 ; 1.550810e+00 ; -1.393242e-01 ];
Tc_23  = [ -2.207443e+02 ; -1.462758e+02 ; 1.307875e+03 ];
omc_error_23 = [ 7.356260e-03 ; 6.961507e-03 ; 9.718800e-03 ];
Tc_error_23  = [ 1.013958e+01 ; 1.249131e+01 ; 8.845993e+00 ];

%-- Image #24:
