% Intrinsic and Extrinsic Camera Parameters
%
% This script file can be directly executed under Matlab to recover the camera intrinsic and extrinsic parameters.
% IMPORTANT: This file contains neither the structure of the calibration objects nor the image coordinates of the calibration points.
%            All those complementary variables are saved in the complete matlab data file Calib_Results.mat.
% For more information regarding the calibration model visit http://www.vision.caltech.edu/bouguetj/calib_doc/


%-- Focal length:
fc = [ 1213.725319482042600 ; 1212.003130722989000 ];

%-- Principal point:
cc = [ 641.125328192217350 ; 502.232543519773460 ];

%-- Skew coefficient:
alpha_c = 0.000000000000000;

%-- Distortion coefficients:
kc = [ -0.121972093047226 ; 0.207316071887185 ; -0.001246249307376 ; 0.002508741710715 ; 0.000000000000000 ];

%-- Focal length uncertainty:
fc_error = [ 6.508477230672515 ; 6.501150307897937 ];

%-- Principal point uncertainty:
cc_error = [ 7.350592811609347 ; 8.214477389355892 ];

%-- Skew coefficient uncertainty:
alpha_c_error = 0.000000000000000;

%-- Distortion coefficients uncertainty:
kc_error = [ 0.013382168626186 ; 0.064894070980469 ; 0.001576599607634 ; 0.001550410133874 ; 0.000000000000000 ];

%-- Image size:
nx = 1280;
ny = 1024;


%-- Various other variables (may be ignored if you do not use the Matlab Calibration Toolbox):
%-- Those variables are used to control which intrinsic parameters should be optimized

n_ima = 27;						% Number of calibration images
est_fc = [ 1 ; 1 ];					% Estimation indicator of the two focal variables
est_aspect_ratio = 1;				% Estimation indicator of the aspect ratio fc(2)/fc(1)
center_optim = 1;					% Estimation indicator of the principal point
est_alpha = 0;						% Estimation indicator of the skew coefficient
est_dist = [ 1 ; 1 ; 1 ; 1 ; 0 ];	% Estimation indicator of the distortion coefficients


%-- Extrinsic parameters:
%-- The rotation (omc_kk) and the translation (Tc_kk) vectors for every calibration image and their uncertainties

%-- Image #1:
omc_1 = [ 1.945040e+00 ; 2.083554e+00 ; -4.588068e-01 ];
Tc_1  = [ 3.969193e+01 ; -9.619509e+01 ; 9.887997e+02 ];
omc_error_1 = [ 5.346740e-03 ; 5.630709e-03 ; 9.432187e-03 ];
Tc_error_1  = [ 5.966549e+00 ; 6.674169e+00 ; 5.325282e+00 ];

%-- Image #2:
omc_2 = [ -1.882487e+00 ; -2.166319e+00 ; 7.868261e-01 ];
Tc_2  = [ 1.058674e+02 ; -7.474261e+01 ; 1.042551e+03 ];
omc_error_2 = [ 5.702201e-03 ; 5.237152e-03 ; 9.980654e-03 ];
Tc_error_2  = [ 6.288408e+00 ; 7.068359e+00 ; 5.534401e+00 ];

%-- Image #3:
omc_3 = [ 2.191653e+00 ; 2.142966e+00 ; 1.928991e-01 ];
Tc_3  = [ -3.596253e+01 ; -1.403410e+02 ; 1.062340e+03 ];
omc_error_3 = [ 7.196594e-03 ; 5.816173e-03 ; 1.344882e-02 ];
Tc_error_3  = [ 6.458705e+00 ; 7.207028e+00 ; 6.352420e+00 ];

%-- Image #4:
omc_4 = [ -1.184026e+00 ; -2.824833e+00 ; -9.928136e-02 ];
Tc_4  = [ 1.726781e+02 ; -2.188769e+02 ; 1.164640e+03 ];
omc_error_4 = [ 4.410144e-03 ; 1.097283e-02 ; 2.004862e-02 ];
Tc_error_4  = [ 7.099495e+00 ; 7.966612e+00 ; 7.387542e+00 ];

%-- Image #5:
omc_5 = [ -1.186502e+00 ; -2.817680e+00 ; -9.755730e-02 ];
Tc_5  = [ 1.718625e+02 ; -2.184823e+02 ; 1.164939e+03 ];
omc_error_5 = [ 4.460468e-03 ; 1.101326e-02 ; 2.018523e-02 ];
Tc_error_5  = [ 7.102507e+00 ; 7.969610e+00 ; 7.395648e+00 ];

%-- Image #6:
omc_6 = [ -1.484355e+00 ; -1.935719e+00 ; 8.061859e-01 ];
Tc_6  = [ 8.072198e+01 ; -1.524494e+02 ; 1.084689e+03 ];
omc_error_6 = [ 5.804352e-03 ; 4.987174e-03 ; 8.343785e-03 ];
Tc_error_6  = [ 6.563643e+00 ; 7.360311e+00 ; 5.878702e+00 ];

%-- Image #7:
omc_7 = [ -1.484716e+00 ; -1.938823e+00 ; 8.039965e-01 ];
Tc_7  = [ 8.158009e+01 ; -1.525964e+02 ; 1.085339e+03 ];
omc_error_7 = [ 5.797631e-03 ; 4.990968e-03 ; 8.354456e-03 ];
Tc_error_7  = [ 6.567647e+00 ; 7.364972e+00 ; 5.885302e+00 ];

%-- Image #8:
omc_8 = [ 1.676643e+00 ; 1.710346e+00 ; 1.004038e+00 ];
Tc_8  = [ -1.078230e+01 ; -1.592956e+02 ; 1.076351e+03 ];
omc_error_8 = [ 6.696145e-03 ; 4.390798e-03 ; 8.151559e-03 ];
Tc_error_8  = [ 6.548566e+00 ; 7.296975e+00 ; 6.804017e+00 ];

%-- Image #9:
omc_9 = [ 1.672860e+00 ; 1.718327e+00 ; 1.004399e+00 ];
Tc_9  = [ -1.214069e+01 ; -1.598267e+02 ; 1.075703e+03 ];
omc_error_9 = [ 6.682218e-03 ; 4.392437e-03 ; 8.168085e-03 ];
Tc_error_9  = [ 6.545175e+00 ; 7.292986e+00 ; 6.800139e+00 ];

%-- Image #10:
omc_10 = [ 1.953097e+00 ; 1.932306e+00 ; -1.489786e-01 ];
Tc_10  = [ -4.418627e+01 ; -1.824907e+02 ; 1.258331e+03 ];
omc_error_10 = [ 6.020200e-03 ; 5.664208e-03 ; 1.009679e-02 ];
Tc_error_10  = [ 7.647402e+00 ; 8.529306e+00 ; 7.110959e+00 ];

%-- Image #11:
omc_11 = [ -1.838242e+00 ; -2.093813e+00 ; 9.082609e-02 ];
Tc_11  = [ -5.052529e+01 ; -1.922705e+02 ; 1.255884e+03 ];
omc_error_11 = [ 6.308025e-03 ; 6.368684e-03 ; 1.251148e-02 ];
Tc_error_11  = [ 7.644202e+00 ; 8.521115e+00 ; 7.401049e+00 ];

%-- Image #12:
omc_12 = [ -1.838193e+00 ; -2.092671e+00 ; 9.272566e-02 ];
Tc_12  = [ -4.999612e+01 ; -1.919726e+02 ; 1.255992e+03 ];
omc_error_12 = [ 6.305168e-03 ; 6.361585e-03 ; 1.249318e-02 ];
Tc_error_12  = [ 7.644645e+00 ; 8.521668e+00 ; 7.398325e+00 ];

%-- Image #13:
omc_13 = [ -2.059580e+00 ; -2.084636e+00 ; 1.289139e-02 ];
Tc_13  = [ 1.951418e+02 ; -3.701985e+01 ; 1.173862e+03 ];
omc_error_13 = [ 5.961510e-03 ; 8.269298e-03 ; 1.435964e-02 ];
Tc_error_13  = [ 7.190161e+00 ; 8.046116e+00 ; 7.041331e+00 ];

%-- Image #14:
omc_14 = [ 2.120080e+00 ; 2.085078e+00 ; 5.135615e-01 ];
Tc_14  = [ -3.124272e+02 ; -2.052034e+02 ; 1.017196e+03 ];
omc_error_14 = [ 6.669389e-03 ; 6.891028e-03 ; 1.294474e-02 ];
Tc_error_14  = [ 6.459240e+00 ; 7.168069e+00 ; 6.965440e+00 ];

%-- Image #15:
omc_15 = [ 2.073110e+00 ; 2.197222e+00 ; 3.150272e-01 ];
Tc_15  = [ 5.848715e+01 ; -2.525591e+02 ; 1.011229e+03 ];
omc_error_15 = [ 6.410904e-03 ; 5.194973e-03 ; 1.175812e-02 ];
Tc_error_15  = [ 6.207443e+00 ; 6.856612e+00 ; 6.541283e+00 ];

%-- Image #16:
omc_16 = [ 2.074439e+00 ; 2.196519e+00 ; 3.146007e-01 ];
Tc_16  = [ 5.801695e+01 ; -2.524141e+02 ; 1.011680e+03 ];
omc_error_16 = [ 6.414534e-03 ; 5.196399e-03 ; 1.176617e-02 ];
Tc_error_16  = [ 6.210039e+00 ; 6.859539e+00 ; 6.542955e+00 ];

%-- Image #17:
omc_17 = [ -1.925965e+00 ; -1.969700e+00 ; 4.636467e-01 ];
Tc_17  = [ -2.411806e+01 ; -1.860495e+02 ; 1.373314e+03 ];
omc_error_17 = [ 6.773844e-03 ; 5.459023e-03 ; 1.115837e-02 ];
Tc_error_17  = [ 8.350365e+00 ; 9.303143e+00 ; 7.633545e+00 ];

%-- Image #18:
omc_18 = [ 1.397052e+00 ; 2.608545e+00 ; -9.606291e-01 ];
Tc_18  = [ 6.225327e+01 ; -2.398011e+02 ; 1.387844e+03 ];
omc_error_18 = [ 2.718369e-03 ; 8.289380e-03 ; 1.057388e-02 ];
Tc_error_18  = [ 8.449763e+00 ; 9.455076e+00 ; 7.547491e+00 ];

%-- Image #19:
omc_19 = [ -1.244456e+00 ; -2.599584e+00 ; 1.102172e+00 ];
Tc_19  = [ 1.363600e+02 ; -1.884255e+02 ; 1.099194e+03 ];
omc_error_19 = [ 5.739297e-03 ; 4.897313e-03 ; 1.025982e-02 ];
Tc_error_19  = [ 6.673085e+00 ; 7.498433e+00 ; 5.907805e+00 ];

%-- Image #20:
omc_20 = [ -1.246687e+00 ; -2.600157e+00 ; 1.102683e+00 ];
Tc_20  = [ 1.359442e+02 ; -1.881006e+02 ; 1.099230e+03 ];
omc_error_20 = [ 5.742857e-03 ; 4.893343e-03 ; 1.026381e-02 ];
Tc_error_20  = [ 6.673132e+00 ; 7.498458e+00 ; 5.905408e+00 ];

%-- Image #21:
omc_21 = [ 2.017376e+00 ; 2.228463e+00 ; -2.581277e-01 ];
Tc_21  = [ 1.805973e+02 ; -1.400773e+02 ; 1.018285e+03 ];
omc_error_21 = [ 6.496825e-03 ; 5.605990e-03 ; 1.212774e-02 ];
Tc_error_21  = [ 6.215991e+00 ; 6.966665e+00 ; 5.973560e+00 ];

%-- Image #22:
omc_22 = [ 2.013927e+00 ; 2.225716e+00 ; -2.613556e-01 ];
Tc_22  = [ 1.810775e+02 ; -1.407815e+02 ; 1.018993e+03 ];
omc_error_22 = [ 6.474894e-03 ; 5.599791e-03 ; 1.205176e-02 ];
Tc_error_22  = [ 6.220696e+00 ; 6.971675e+00 ; 5.974259e+00 ];

%-- Image #23:
omc_23 = [ 1.746909e+00 ; 1.686844e+00 ; 4.709935e-01 ];
Tc_23  = [ -2.959430e+02 ; -1.308094e+02 ; 9.402899e+02 ];
omc_error_23 = [ 5.400737e-03 ; 4.338449e-03 ; 7.906934e-03 ];
Tc_error_23  = [ 5.948984e+00 ; 6.554853e+00 ; 6.162600e+00 ];

%-- Image #24:
