%YAML:1.0
    T: !!opencv-matrix
        rows: 3
        cols: 1
        dt: d
        data: [ -254.574452, 2.623642, 146.945884]
    om: !!opencv-matrix
        rows: 3
        cols: 1
        dt: d
        data: [ -0.061466, 0.255996, -0.046846]
    fc_left: !!opencv-matrix
        rows: 2
        cols: 1
        dt: d
        data: [ 1215.206778, 1214.517147]
    cc_left: !!opencv-matrix
        rows: 2
        cols: 1
        dt: d
        data: [ 640.745328, 521.233034]
    kc_left: !!opencv-matrix
        rows: 5
        cols: 1
        dt: d
        data: [ -0.116619, 0.149627, 0.000939, 
            -0.000909, 0.000000]
    fc_right: !!opencv-matrix
        rows: 2
        cols: 1
        dt: d
        data: [ 1209.088845, 1208.145922]
    cc_right: !!opencv-matrix
        rows: 2
        cols: 1
        dt: d
        data: [ 634.963220, 509.997229]
    kc_right: !!opencv-matrix
        rows: 5
        cols: 1
        dt: d
        data: [ -0.121451, 0.154552, -0.000278, 
            0.000536, 0.000000]
    emax: !!opencv-matrix
        rows: 1
        cols: 1
        dt: d
        data: [ 75.018336]
