%YAML:1.0
    T: !!opencv-matrix
        rows: 3
        cols: 1
        dt: d
        data: [ -295.462341, 4.001114, 57.457172]
    om: !!opencv-matrix
        rows: 3
        cols: 1
        dt: d
        data: [ 0.001189, 0.214199, -0.015904]
    fc_left: !!opencv-matrix
        rows: 2
        cols: 1
        dt: d
        data: [ 1204.780002, 1204.415976]
    cc_left: !!opencv-matrix
        rows: 2
        cols: 1
        dt: d
        data: [ 631.849818, 503.656115]
    kc_left: !!opencv-matrix
        rows: 5
        cols: 1
        dt: d
        data: [ -0.112305, 0.145754, -0.003446, 
            -0.000463, 0.000000]
    fc_right: !!opencv-matrix
        rows: 2
        cols: 1
        dt: d
        data: [ 1211.592992, 1212.559076]
    cc_right: !!opencv-matrix
        rows: 2
        cols: 1
        dt: d
        data: [ 634.468759, 508.510261]
    kc_right: !!opencv-matrix
        rows: 5
        cols: 1
        dt: d
        data: [ -0.114570, 0.129719, -0.001578, 
            -0.000092, 0.000000]
