%YAML:1.0
    T: !!opencv-matrix
        rows: 3
        cols: 1
        dt: d
        data: [ -295.800204, 1.774632, 51.862861]
    om: !!opencv-matrix
        rows: 3
        cols: 1
        dt: d
        data: [ 0.058683, 0.202663, 0.005647]
    fc_left: !!opencv-matrix
        rows: 2
        cols: 1
        dt: d
        data: [ 1198.143576, 1203.042275]
    cc_left: !!opencv-matrix
        rows: 2
        cols: 1
        dt: d
        data: [ 644.578282, 618.729912]
    kc_left: !!opencv-matrix
        rows: 5
        cols: 1
        dt: d
        data: [ -0.125919, 0.120483, 0.017533, 
            0.003499, 0.000000]
    fc_right: !!opencv-matrix
        rows: 2
        cols: 1
        dt: d
        data: [ 1221.178124, 1216.991047]
    cc_right: !!opencv-matrix
        rows: 2
        cols: 1
        dt: d
        data: [ 661.814068, 689.298702]
    kc_right: !!opencv-matrix
        rows: 5
        cols: 1
        dt: d
        data: [ -0.300274, 0.558091, 0.012664, 
            0.006424, 0.000000]
