%YAML:1.0
    T: !!opencv-matrix
        rows: 3
        cols: 1
        dt: d
        data: [ -227.804492, -0.786947, 60.842723]
    om: !!opencv-matrix
        rows: 3
        cols: 1
        dt: d
        data: [ -0.001106, 0.223197, 0.005678]
    fc_left: !!opencv-matrix
        rows: 2
        cols: 1
        dt: d
        data: [ 1208.267876, 1210.653972]
    cc_left: !!opencv-matrix
        rows: 2
        cols: 1
        dt: d
        data: [ 610.477367, 497.096901]
    kc_left: !!opencv-matrix
        rows: 5
        cols: 1
        dt: d
        data: [ -0.134019, 0.223908, -0.002235, 
            -0.003488, 0.000000]
    fc_right: !!opencv-matrix
        rows: 2
        cols: 1
        dt: d
        data: [ 1216.936079, 1219.329076]
    cc_right: !!opencv-matrix
        rows: 2
        cols: 1
        dt: d
        data: [ 608.366354, 511.991755]
    kc_right: !!opencv-matrix
        rows: 5
        cols: 1
        dt: d
        data: [ -0.137817, 0.261867, -0.002162, 
            -0.004928, 0.000000]
    emax: !!opencv-matrix
        rows: 1
        cols: 1
        dt: d
        data: [ 0.816692]
