%YAML:1.0
    T: !!opencv-matrix
        rows: 3
        cols: 1
        dt: d
        data: [ -295.802080, 4.467492, 61.623086]
    om: !!opencv-matrix
        rows: 3
        cols: 1
        dt: d
        data: [ -0.013374, 0.211808, -0.013804]
    fc_left: !!opencv-matrix
        rows: 2
        cols: 1
        dt: d
        data: [ 1220.601291, 1221.835431]
    cc_left: !!opencv-matrix
        rows: 2
        cols: 1
        dt: d
        data: [ 626.400327, 528.816653]
    kc_left: !!opencv-matrix
        rows: 5
        cols: 1
        dt: d
        data: [ -0.122764, 0.155097, 0.001162, 
            -0.003089, 0.000000]
    fc_right: !!opencv-matrix
        rows: 2
        cols: 1
        dt: d
        data: [ 1229.702485, 1230.003509]
    cc_right: !!opencv-matrix
        rows: 2
        cols: 1
        dt: d
        data: [ 629.405557, 515.663194]
    kc_right: !!opencv-matrix
        rows: 5
        cols: 1
        dt: d
        data: [ -0.113973, 0.124520, 0.000231, 
            -0.000149, 0.000000]
