%YAML:1.0
    T: !!opencv-matrix
        rows: 3
        cols: 1
        dt: d
        data: [ 300.823080, 5.350858, 21.057842]
    om: !!opencv-matrix
        rows: 3
        cols: 1
        dt: d
        data: [ 0.000178, -0.276355, 0.032037]
    fc_left: !!opencv-matrix
        rows: 2
        cols: 1
        dt: d
        data: [ 1220.839173, 1221.717101]
    cc_left: !!opencv-matrix
        rows: 2
        cols: 1
        dt: d
        data: [ 665.042725, 511.895907]
    kc_left: !!opencv-matrix
        rows: 5
        cols: 1
        dt: d
        data: [ -0.090850, 0.079980, 0.000112, 
            0.003673, 0.000000]
    fc_right: !!opencv-matrix
        rows: 2
        cols: 1
        dt: d
        data: [ 1214.091837, 1216.608770]
    cc_right: !!opencv-matrix
        rows: 2
        cols: 1
        dt: d
        data: [ 667.409049, 510.592510]
    kc_right: !!opencv-matrix
        rows: 5
        cols: 1
        dt: d
        data: [ -0.101054, 0.130391, 0.000123, 
            0.005272, 0.000000]
    emax: !!opencv-matrix
        rows: 1
        cols: 1
        dt: d
        data: [ 0.443625]
