%YAML:1.0
    T: !!opencv-matrix
        rows: 3
        cols: 1
        dt: d
        data: [ 299.382309, 1.916065, 10.871186]
    om: !!opencv-matrix
        rows: 3
        cols: 1
        dt: d
        data: [ 0.004113, -0.226632, 0.016432]
    fc_left: !!opencv-matrix
        rows: 2
        cols: 1
        dt: d
        data: [ 1212.763465, 1212.578568]
    cc_left: !!opencv-matrix
        rows: 2
        cols: 1
        dt: d
        data: [ 628.919459, 500.947732]
    kc_left: !!opencv-matrix
        rows: 5
        cols: 1
        dt: d
        data: [ -0.121030, 0.153576, -0.003156, 
            -0.001122, 0.000000]
    fc_right: !!opencv-matrix
        rows: 2
        cols: 1
        dt: d
        data: [ 1208.142260, 1207.012642]
    cc_right: !!opencv-matrix
        rows: 2
        cols: 1
        dt: d
        data: [ 643.023310, 500.679277]
    kc_right: !!opencv-matrix
        rows: 5
        cols: 1
        dt: d
        data: [ -0.120053, 0.139410, -0.002987, 
            -0.000526, 0.000000]
