%YAML:1.0
    T: !!opencv-matrix
        rows: 3
        cols: 1
        dt: d
        data: [ -295.569490, 0.030879, 54.148239]
    om: !!opencv-matrix
        rows: 3
        cols: 1
        dt: d
        data: [ -0.012295, 0.120161, -0.001169]
    fc_left: !!opencv-matrix
        rows: 2
        cols: 1
        dt: d
        data: [ 1208.095067, 1207.354404]
    cc_left: !!opencv-matrix
        rows: 2
        cols: 1
        dt: d
        data: [ 636.596875, 520.243022]
    kc_left: !!opencv-matrix
        rows: 5
        cols: 1
        dt: d
        data: [ -0.115160, 0.124564, 0.000442, 
            -0.001889, 0.000000]
    fc_right: !!opencv-matrix
        rows: 2
        cols: 1
        dt: d
        data: [ 1215.392820, 1213.520396]
    cc_right: !!opencv-matrix
        rows: 2
        cols: 1
        dt: d
        data: [ 644.889783, 514.034638]
    kc_right: !!opencv-matrix
        rows: 5
        cols: 1
        dt: d
        data: [ -0.122681, 0.147969, -0.001167, 
            0.000308, 0.000000]
