%YAML:1.0
    T: !!opencv-matrix
        rows: 3
        cols: 1
        dt: d
        data: [ -295.665239, 3.045441, 48.769967]
    om: !!opencv-matrix
        rows: 3
        cols: 1
        dt: d
        data: [ -0.011576, 0.219862, -0.015037]
    fc_left: !!opencv-matrix
        rows: 2
        cols: 1
        dt: d
        data: [ 1211.853650, 1212.194664]
    cc_left: !!opencv-matrix
        rows: 2
        cols: 1
        dt: d
        data: [ 647.108131, 517.068441]
    kc_left: !!opencv-matrix
        rows: 5
        cols: 1
        dt: d
        data: [ -0.115460, 0.139670, -0.000362, 
            0.001178, 0.000000]
    fc_right: !!opencv-matrix
        rows: 2
        cols: 1
        dt: d
        data: [ 1210.751167, 1210.479051]
    cc_right: !!opencv-matrix
        rows: 2
        cols: 1
        dt: d
        data: [ 641.513049, 507.817587]
    kc_right: !!opencv-matrix
        rows: 5
        cols: 1
        dt: d
        data: [ -0.116630, 0.154524, -0.002238, 
            0.001138, 0.000000]
    emax: !!opencv-matrix
        rows: 1
        cols: 1
        dt: d
        data: [ 0.371531]