% Intrinsic and Extrinsic Camera Parameters
%
% This script file can be directly executed under Matlab to recover the camera intrinsic and extrinsic parameters.
% IMPORTANT: This file contains neither the structure of the calibration objects nor the image coordinates of the calibration points.
%            All those complementary variables are saved in the complete matlab data file Calib_Results.mat.
% For more information regarding the calibration model visit http://www.vision.caltech.edu/bouguetj/calib_doc/


%-- Focal length:
fc = [ 1226.011093564150500 ; 1223.497192840794700 ];

%-- Principal point:
cc = [ 636.149892211309980 ; 522.755945051873140 ];

%-- Skew coefficient:
alpha_c = 0.000000000000000;

%-- Distortion coefficients:
kc = [ -0.129143288668631 ; 0.236192060023824 ; 0.000541181231674 ; 0.000008511343729 ; 0.000000000000000 ];

%-- Focal length uncertainty:
fc_error = [ 9.257854401719889 ; 9.374810448495847 ];

%-- Principal point uncertainty:
cc_error = [ 11.153543786380837 ; 12.652001653693283 ];

%-- Skew coefficient uncertainty:
alpha_c_error = 0.000000000000000;

%-- Distortion coefficients uncertainty:
kc_error = [ 0.017646920227184 ; 0.080508454485557 ; 0.002238571852589 ; 0.002059924613488 ; 0.000000000000000 ];

%-- Image size:
nx = 1280;
ny = 1024;


%-- Various other variables (may be ignored if you do not use the Matlab Calibration Toolbox):
%-- Those variables are used to control which intrinsic parameters should be optimized

n_ima = 27;						% Number of calibration images
est_fc = [ 1 ; 1 ];					% Estimation indicator of the two focal variables
est_aspect_ratio = 1;				% Estimation indicator of the aspect ratio fc(2)/fc(1)
center_optim = 1;					% Estimation indicator of the principal point
est_alpha = 0;						% Estimation indicator of the skew coefficient
est_dist = [ 1 ; 1 ; 1 ; 1 ; 0 ];	% Estimation indicator of the distortion coefficients


%-- Extrinsic parameters:
%-- The rotation (omc_kk) and the translation (Tc_kk) vectors for every calibration image and their uncertainties

%-- Image #1:
omc_1 = [ 1.966103e+00 ; 2.224745e+00 ; -6.962907e-01 ];
Tc_1  = [ 3.075076e+01 ; -9.996003e+01 ; 1.012071e+03 ];
omc_error_1 = [ 6.415727e-03 ; 9.142284e-03 ; 1.477370e-02 ];
Tc_error_1  = [ 9.184873e+00 ; 1.042264e+01 ; 7.645575e+00 ];

%-- Image #2:
omc_2 = [ -1.694374e+00 ; -2.038005e+00 ; 9.457442e-01 ];
Tc_2  = [ 1.070949e+02 ; -7.795037e+01 ; 1.049853e+03 ];
omc_error_2 = [ 8.309342e-03 ; 6.560995e-03 ; 1.342993e-02 ];
Tc_error_2  = [ 9.553092e+00 ; 1.087693e+01 ; 7.815794e+00 ];

%-- Image #3:
omc_3 = [ -2.175958e+00 ; -2.134876e+00 ; 5.166477e-02 ];
Tc_3  = [ -2.648852e+01 ; -1.448271e+02 ; 1.101211e+03 ];
omc_error_3 = [ 1.151955e-02 ; 1.185253e-02 ; 2.500670e-02 ];
Tc_error_3  = [ 1.004586e+01 ; 1.141009e+01 ; 9.251738e+00 ];

%-- Image #4:
omc_4 = [ 2.183155e+00 ; 2.181677e+00 ; 3.272056e-01 ];
Tc_4  = [ -2.241003e+02 ; -2.039142e+02 ; 1.255212e+03 ];
omc_error_4 = [ 1.239259e-02 ; 1.313708e-02 ; 2.637933e-02 ];
Tc_error_4  = [ 1.159267e+01 ; 1.316814e+01 ; 1.168739e+01 ];

%-- Image #5:
omc_5 = [ -1.107898e+00 ; -2.621690e+00 ; 1.617930e-02 ];
Tc_5  = [ 1.988092e+02 ; -2.211372e+02 ; 1.151340e+03 ];
omc_error_5 = [ 6.019638e-03 ; 1.263346e-02 ; 2.191589e-02 ];
Tc_error_5  = [ 1.065182e+01 ; 1.210781e+01 ; 1.023338e+01 ];

%-- Image #6:
omc_6 = [ -1.684748e+00 ; -2.142273e+00 ; 1.299176e+00 ];
Tc_6  = [ 1.984468e+01 ; -1.124367e+02 ; 1.292692e+03 ];
omc_error_6 = [ 1.006502e-02 ; 6.420690e-03 ; 1.454527e-02 ];
Tc_error_6  = [ 1.175740e+01 ; 1.337203e+01 ; 9.280986e+00 ];

%-- Image #7:
omc_7 = [ -1.323821e+00 ; -1.779193e+00 ; 9.292529e-01 ];
Tc_7  = [ 9.367634e+01 ; -1.560229e+02 ; 1.097559e+03 ];
omc_error_7 = [ 8.787486e-03 ; 7.298450e-03 ; 1.151863e-02 ];
Tc_error_7  = [ 1.001525e+01 ; 1.137180e+01 ; 8.421037e+00 ];

%-- Image #8:
omc_8 = [ -1.866608e+00 ; -2.009853e+00 ; 5.514897e-01 ];
Tc_8  = [ -3.859050e+00 ; -8.739140e+01 ; 1.464738e+03 ];
omc_error_8 = [ 9.093224e-03 ; 7.823988e-03 ; 1.587397e-02 ];
Tc_error_8  = [ 1.331053e+01 ; 1.513891e+01 ; 1.148613e+01 ];

%-- Image #9:
omc_9 = [ 1.840346e+00 ; 1.866678e+00 ; 8.484648e-01 ];
Tc_9  = [ -2.734722e-01 ; -1.642011e+02 ; 1.110022e+03 ];
omc_error_9 = [ 9.846697e-03 ; 6.289337e-03 ; 1.384341e-02 ];
Tc_error_9  = [ 1.015331e+01 ; 1.147077e+01 ; 1.001198e+01 ];

%-- Image #10:
omc_10 = [ 2.004626e+00 ; 2.078974e+00 ; -3.763049e-01 ];
Tc_10  = [ 9.250439e+00 ; -1.874842e+02 ; 1.294232e+03 ];
omc_error_10 = [ 8.646322e-03 ; 9.236832e-03 ; 1.662746e-02 ];
Tc_error_10  = [ 1.182074e+01 ; 1.337838e+01 ; 1.027671e+01 ];

%-- Image #11:
omc_11 = [ -2.355385e+00 ; -1.762309e+00 ; -6.066095e-02 ];
Tc_11  = [ 2.528502e+02 ; -2.178371e+02 ; 1.407822e+03 ];
omc_error_11 = [ 1.170940e-02 ; 1.170258e-02 ; 2.317600e-02 ];
Tc_error_11  = [ 1.317367e+01 ; 1.473551e+01 ; 1.288686e+01 ];

%-- Image #12:
omc_12 = [ -1.730195e+00 ; -1.945625e+00 ; 2.833858e-01 ];
Tc_12  = [ 3.299366e+00 ; -1.970501e+02 ; 1.293351e+03 ];
omc_error_12 = [ 8.398395e-03 ; 7.554348e-03 ; 1.442909e-02 ];
Tc_error_12  = [ 1.182277e+01 ; 1.338468e+01 ; 1.067563e+01 ];

%-- Image #13:
omc_13 = [ -1.950977e+00 ; -1.957200e+00 ; 2.227593e-01 ];
Tc_13  = [ 2.224049e+02 ; -3.985035e+01 ; 1.157625e+03 ];
omc_error_13 = [ 8.148777e-03 ; 1.022221e-02 ; 1.787895e-02 ];
Tc_error_13  = [ 1.070698e+01 ; 1.213896e+01 ; 9.956063e+00 ];

%-- Image #14:
omc_14 = [ -2.216913e+00 ; -2.162772e+00 ; -2.923984e-01 ];
Tc_14  = [ -3.049597e+02 ; -2.121669e+02 ; 1.118136e+03 ];
omc_error_14 = [ 1.271945e-02 ; 1.037445e-02 ; 2.488502e-02 ];
Tc_error_14  = [ 1.033716e+01 ; 1.187057e+01 ; 1.105887e+01 ];

%-- Image #15:
omc_15 = [ 2.046420e+00 ; 2.039717e+00 ; 4.145550e-01 ];
Tc_15  = [ -3.528747e+02 ; -9.267190e+01 ; 1.168715e+03 ];
omc_error_15 = [ 1.085305e-02 ; 1.027479e-02 ; 1.994382e-02 ];
Tc_error_15  = [ 1.092013e+01 ; 1.242776e+01 ; 1.148168e+01 ];

%-- Image #16:
omc_16 = [ -2.113150e+00 ; -2.234313e+00 ; -8.642971e-02 ];
Tc_16  = [ 5.470206e+01 ; -2.558908e+02 ; 1.029565e+03 ];
omc_error_16 = [ 9.163196e-03 ; 1.070202e-02 ; 2.206114e-02 ];
Tc_error_16  = [ 9.542290e+00 ; 1.069740e+01 ; 9.472740e+00 ];

%-- Image #17:
omc_17 = [ -1.778410e+00 ; -1.834192e+00 ; 6.486619e-01 ];
Tc_17  = [ 5.454073e+01 ; -1.911270e+02 ; 1.402915e+03 ];
omc_error_17 = [ 9.143749e-03 ; 6.672737e-03 ; 1.374566e-02 ];
Tc_error_17  = [ 1.282470e+01 ; 1.450879e+01 ; 1.107418e+01 ];

%-- Image #18:
omc_18 = [ -1.221949e+00 ; -2.506010e+00 ; 1.061250e+00 ];
Tc_18  = [ 1.423286e+02 ; -2.446008e+02 ; 1.398499e+03 ];
omc_error_18 = [ 8.647025e-03 ; 7.512407e-03 ; 1.558334e-02 ];
Tc_error_18  = [ 1.279842e+01 ; 1.453418e+01 ; 1.092139e+01 ];

%-- Image #19:
omc_19 = [ -1.595159e+00 ; -1.793777e+00 ; 6.520717e-01 ];
Tc_19  = [ -3.507837e+01 ; -1.356474e+02 ; 1.110884e+03 ];
omc_error_19 = [ 8.809044e-03 ; 7.032041e-03 ; 1.236020e-02 ];
Tc_error_19  = [ 1.010909e+01 ; 1.148000e+01 ; 8.701106e+00 ];

%-- Image #20:
omc_20 = [ -1.044340e+00 ; -2.439945e+00 ; 1.163682e+00 ];
Tc_20  = [ 1.497569e+02 ; -1.912992e+02 ; 1.098458e+03 ];
omc_error_20 = [ 8.259043e-03 ; 7.580156e-03 ; 1.439405e-02 ];
Tc_error_20  = [ 1.003291e+01 ; 1.143122e+01 ; 8.367635e+00 ];

%-- Image #21:
omc_21 = [ 1.832528e+00 ; 1.710119e+00 ; 8.529051e-01 ];
Tc_21  = [ -1.203203e+02 ; -1.885458e+02 ; 1.257453e+03 ];
omc_error_21 = [ 9.741357e-03 ; 6.560709e-03 ; 1.338963e-02 ];
Tc_error_21  = [ 1.152385e+01 ; 1.303605e+01 ; 1.149142e+01 ];

%-- Image #22:
omc_22 = [ -2.018470e+00 ; -2.301387e+00 ; 4.918261e-01 ];
Tc_22  = [ 1.757352e+02 ; -1.433321e+02 ; 1.010331e+03 ];
omc_error_22 = [ 8.282791e-03 ; 9.246417e-03 ; 1.837096e-02 ];
Tc_error_22  = [ 9.313995e+00 ; 1.052168e+01 ; 8.294635e+00 ];

%-- Image #23:
omc_23 = [ 1.677799e+00 ; 1.723506e+00 ; -3.241573e-01 ];
Tc_23  = [ -1.549340e+02 ; -1.567625e+02 ; 1.381002e+03 ];
omc_error_23 = [ 7.883017e-03 ; 8.572221e-03 ; 1.264267e-02 ];
Tc_error_23  = [ 1.259504e+01 ; 1.432721e+01 ; 1.107239e+01 ];

%-- Image #24:
