% Intrinsic and Extrinsic Camera Parameters
%
% This script file can be directly executed under Matlab to recover the camera intrinsic and extrinsic parameters.
% IMPORTANT: This file contains neither the structure of the calibration objects nor the image coordinates of the calibration points.
%            All those complementary variables are saved in the complete matlab data file Calib_Results.mat.
% For more information regarding the calibration model visit http://www.vision.caltech.edu/bouguetj/calib_doc/


%-- Focal length:
fc = [ 1226.842835115443000 ; 1224.314684264393900 ];

%-- Principal point:
cc = [ 634.532810876281360 ; 521.974009923774360 ];

%-- Skew coefficient:
alpha_c = 0.000000000000000;

%-- Distortion coefficients:
kc = [ -0.140457251851953 ; 0.322119297485293 ; 0.000185671132773 ; 0.000641543138267 ; 0.000000000000000 ];

%-- Focal length uncertainty:
fc_error = [ 10.983080647255994 ; 10.839986258831489 ];

%-- Principal point uncertainty:
cc_error = [ 13.916434014903437 ; 16.144605666933714 ];

%-- Skew coefficient uncertainty:
alpha_c_error = 0.000000000000000;

%-- Distortion coefficients uncertainty:
kc_error = [ 0.024732245318977 ; 0.141107659171087 ; 0.002950108498746 ; 0.002536062162533 ; 0.000000000000000 ];

%-- Image size:
nx = 1280;
ny = 1024;


%-- Various other variables (may be ignored if you do not use the Matlab Calibration Toolbox):
%-- Those variables are used to control which intrinsic parameters should be optimized

n_ima = 24;						% Number of calibration images
est_fc = [ 1 ; 1 ];					% Estimation indicator of the two focal variables
est_aspect_ratio = 1;				% Estimation indicator of the aspect ratio fc(2)/fc(1)
center_optim = 1;					% Estimation indicator of the principal point
est_alpha = 0;						% Estimation indicator of the skew coefficient
est_dist = [ 1 ; 1 ; 1 ; 1 ; 0 ];	% Estimation indicator of the distortion coefficients


%-- Extrinsic parameters:
%-- The rotation (omc_kk) and the translation (Tc_kk) vectors for every calibration image and their uncertainties

%-- Image #1:
omc_1 = [ -2.020024e+00 ; -2.126847e+00 ; 2.596849e-02 ];
Tc_1  = [ -3.112414e+01 ; -2.854892e+02 ; 1.096163e+03 ];
omc_error_1 = [ 1.214977e-02 ; 1.121830e-02 ; 2.365834e-02 ];
Tc_error_1  = [ 1.263162e+01 ; 1.458545e+01 ; 1.106996e+01 ];

%-- Image #2:
omc_2 = [ -2.069854e+00 ; -2.103922e+00 ; 4.491317e-02 ];
Tc_2  = [ -4.129218e+01 ; -1.902372e+02 ; 1.120174e+03 ];
omc_error_2 = [ 1.152977e-02 ; 1.121897e-02 ; 2.393182e-02 ];
Tc_error_2  = [ 1.276895e+01 ; 1.482448e+01 ; 1.081973e+01 ];

%-- Image #3:
omc_3 = [ -1.601023e+00 ; -1.831770e+00 ; 5.410406e-01 ];
Tc_3  = [ 8.053244e+01 ; -1.819242e+02 ; 1.137763e+03 ];
omc_error_3 = [ 1.072998e-02 ; 8.542554e-03 ; 1.476680e-02 ];
Tc_error_3  = [ 1.299125e+01 ; 1.504239e+01 ; 1.020794e+01 ];

%-- Image #4:
omc_4 = [ 2.183836e+00 ; 2.182293e+00 ; 3.262352e-01 ];
Tc_4  = [ -2.224298e+02 ; -2.030642e+02 ; 1.255623e+03 ];
omc_error_4 = [ 1.359704e-02 ; 1.385575e-02 ; 2.725565e-02 ];
Tc_error_4  = [ 1.445079e+01 ; 1.680354e+01 ; 1.317852e+01 ];

%-- Image #5:
omc_5 = [ 1.776738e+00 ; 1.861065e+00 ; -8.795030e-01 ];
Tc_5  = [ -1.023556e+02 ; -1.440506e+02 ; 1.393211e+03 ];
omc_error_5 = [ 8.315536e-03 ; 1.326090e-02 ; 1.562064e-02 ];
Tc_error_5  = [ 1.584186e+01 ; 1.841864e+01 ; 1.191216e+01 ];

%-- Image #6:
omc_6 = [ -1.683660e+00 ; -2.141271e+00 ; 1.300721e+00 ];
Tc_6  = [ 2.153145e+01 ; -1.115962e+02 ; 1.293440e+03 ];
omc_error_6 = [ 1.285699e-02 ; 7.492393e-03 ; 1.779805e-02 ];
Tc_error_6  = [ 1.466365e+01 ; 1.706344e+01 ; 1.052372e+01 ];

%-- Image #7:
omc_7 = [ -1.799265e+00 ; -2.074911e+00 ; 7.027561e-01 ];
Tc_7  = [ 1.001840e+02 ; -4.237549e+01 ; 1.272474e+03 ];
omc_error_7 = [ 1.048726e-02 ; 9.120770e-03 ; 1.729273e-02 ];
Tc_error_7  = [ 1.445163e+01 ; 1.679449e+01 ; 1.117884e+01 ];

%-- Image #8:
omc_8 = [ -1.865943e+00 ; -2.008806e+00 ; 5.537463e-01 ];
Tc_8  = [ -1.929819e+00 ; -8.644043e+01 ; 1.465605e+03 ];
omc_error_8 = [ 1.134913e-02 ; 9.200056e-03 ; 1.815125e-02 ];
Tc_error_8  = [ 1.660231e+01 ; 1.931479e+01 ; 1.297344e+01 ];

%-- Image #9:
omc_9 = [ -2.172804e+00 ; -2.147587e+00 ; -5.527657e-01 ];
Tc_9  = [ -1.880581e+02 ; -2.714095e+02 ; 1.367098e+03 ];
omc_error_9 = [ 1.083405e-02 ; 1.242662e-02 ; 2.251017e-02 ];
Tc_error_9  = [ 1.576880e+01 ; 1.830508e+01 ; 1.437685e+01 ];

%-- Image #10:
omc_10 = [ -2.528287e+00 ; -1.359878e+00 ; -3.514091e-01 ];
Tc_10  = [ -1.226354e+02 ; -2.165963e+02 ; 1.393326e+03 ];
omc_error_10 = [ 1.376878e-02 ; 9.037915e-03 ; 2.087211e-02 ];
Tc_error_10  = [ 1.596502e+01 ; 1.850932e+01 ; 1.420352e+01 ];

%-- Image #11:
omc_11 = [ -2.361637e+00 ; -1.768170e+00 ; -6.003275e-02 ];
Tc_11  = [ 2.550893e+02 ; -2.171357e+02 ; 1.410341e+03 ];
omc_error_11 = [ 1.322143e-02 ; 1.309097e-02 ; 2.545785e-02 ];
Tc_error_11  = [ 1.643327e+01 ; 1.891029e+01 ; 1.422056e+01 ];

%-- Image #12:
omc_12 = [ 2.249972e+00 ; 2.121342e+00 ; 4.468919e-01 ];
Tc_12  = [ -2.308905e+02 ; -2.348680e+02 ; 1.134459e+03 ];
omc_error_12 = [ 1.191401e-02 ; 1.111486e-02 ; 2.262127e-02 ];
Tc_error_12  = [ 1.317111e+01 ; 1.529085e+01 ; 1.211428e+01 ];

%-- Image #13:
omc_13 = [ -2.100920e+00 ; -2.104156e+00 ; -1.145557e-01 ];
Tc_13  = [ 1.287038e+02 ; -2.398146e+02 ; 1.037908e+03 ];
omc_error_13 = [ 9.293765e-03 ; 1.143321e-02 ; 2.243895e-02 ];
Tc_error_13  = [ 1.204467e+01 ; 1.391334e+01 ; 1.050485e+01 ];

%-- Image #14:
omc_14 = [ -2.032183e+00 ; -2.130316e+00 ; 7.526914e-02 ];
Tc_14  = [ 1.406499e+02 ; -4.420802e+01 ; 1.152619e+03 ];
omc_error_14 = [ 9.339232e-03 ; 1.248753e-02 ; 2.518128e-02 ];
Tc_error_14  = [ 1.316807e+01 ; 1.531958e+01 ; 1.114575e+01 ];

%-- Image #15:
omc_15 = [ 2.048205e+00 ; 2.041923e+00 ; 4.139660e-01 ];
Tc_15  = [ -3.512551e+02 ; -9.185889e+01 ; 1.168427e+03 ];
omc_error_15 = [ 1.273796e-02 ; 1.134333e-02 ; 2.142300e-02 ];
Tc_error_15  = [ 1.358819e+01 ; 1.584669e+01 ; 1.314375e+01 ];

%-- Image #16:
omc_16 = [ 2.083711e+00 ; 2.112724e+00 ; 6.425897e-01 ];
Tc_16  = [ -2.697255e+02 ; -3.102740e+02 ; 1.137706e+03 ];
omc_error_16 = [ 1.059606e-02 ; 9.820408e-03 ; 2.038413e-02 ];
Tc_error_16  = [ 1.344099e+01 ; 1.545822e+01 ; 1.256555e+01 ];

%-- Image #17:
omc_17 = [ -1.633397e+00 ; -1.874377e+00 ; 6.592503e-01 ];
Tc_17  = [ -5.792617e+01 ; -1.515846e+02 ; 1.317236e+03 ];
omc_error_17 = [ 1.172719e-02 ; 8.632699e-03 ; 1.576783e-02 ];
Tc_error_17  = [ 1.496376e+01 ; 1.737906e+01 ; 1.164099e+01 ];

%-- Image #18:
omc_18 = [ -1.611407e+00 ; -1.823113e+00 ; 6.416685e-01 ];
Tc_18  = [ 5.924465e+01 ; -1.519818e+02 ; 1.466437e+03 ];
omc_error_18 = [ 1.137919e-02 ; 8.666421e-03 ; 1.534968e-02 ];
Tc_error_18  = [ 1.666219e+01 ; 1.934955e+01 ; 1.293799e+01 ];

%-- Image #19:
omc_19 = [ -1.594723e+00 ; -1.792703e+00 ; 6.537877e-01 ];
Tc_19  = [ -3.361229e+01 ; -1.349263e+02 ; 1.111575e+03 ];
omc_error_19 = [ 1.147556e-02 ; 8.594181e-03 ; 1.483229e-02 ];
Tc_error_19  = [ 1.260773e+01 ; 1.465695e+01 ; 9.731158e+00 ];

%-- Image #20:
omc_20 = [ 1.819970e+00 ; 1.595063e+00 ; 9.294387e-01 ];
Tc_20  = [ -1.874159e+02 ; -1.618276e+02 ; 1.082843e+03 ];
omc_error_20 = [ 1.250002e-02 ; 7.361730e-03 ; 1.488963e-02 ];
Tc_error_20  = [ 1.245137e+01 ; 1.442078e+01 ; 1.156443e+01 ];

%-- Image #21:
omc_21 = [ 1.833079e+00 ; 1.711033e+00 ; 8.510569e-01 ];
Tc_21  = [ -1.186857e+02 ; -1.877457e+02 ; 1.258394e+03 ];
omc_error_21 = [ 1.245741e-02 ; 7.663828e-03 ; 1.572062e-02 ];
Tc_error_21  = [ 1.438809e+01 ; 1.664697e+01 ; 1.286952e+01 ];

%-- Image #22:
omc_22 = [ 1.885163e+00 ; 1.829471e+00 ; 7.813730e-01 ];
Tc_22  = [ -1.973518e+02 ; -2.166168e+02 ; 1.357909e+03 ];
omc_error_22 = [ 1.187913e-02 ; 7.862060e-03 ; 1.672480e-02 ];
Tc_error_22  = [ 1.561732e+01 ; 1.805054e+01 ; 1.408838e+01 ];

%-- Image #23:
omc_23 = [ 1.677429e+00 ; 1.724136e+00 ; -3.259349e-01 ];
Tc_23  = [ -1.531274e+02 ; -1.558660e+02 ; 1.381876e+03 ];
omc_error_23 = [ 9.827270e-03 ; 1.100894e-02 ; 1.477964e-02 ];
Tc_error_23  = [ 1.571766e+01 ; 1.827993e+01 ; 1.261249e+01 ];

%-- Image #24:
