%YAML:1.0
    T: !!opencv-matrix
        rows: 3
        cols: 1
        dt: d
        data: [ -227.523172, -1.394265, 54.617848]
    om: !!opencv-matrix
        rows: 3
        cols: 1
        dt: d
        data: [ -0.000852, 0.221330, 0.008061]
    fc_left: !!opencv-matrix
        rows: 2
        cols: 1
        dt: d
        data: [ 1210.819463, 1209.078712]
    cc_left: !!opencv-matrix
        rows: 2
        cols: 1
        dt: d
        data: [ 638.401826, 504.036900]
    kc_left: !!opencv-matrix
        rows: 5
        cols: 1
        dt: d
        data: [ -0.124831, 0.213149, -0.000287, 
            0.002052, 0.000000]
    fc_right: !!opencv-matrix
        rows: 2
        cols: 1
        dt: d
        data: [ 1219.343398, 1217.065775]
    cc_right: !!opencv-matrix
        rows: 2
        cols: 1
        dt: d
        data: [ 636.254929, 519.390645]
    kc_right: !!opencv-matrix
        rows: 5
        cols: 1
        dt: d
        data: [ -0.123021, 0.204873, 0.000002, 
            0.000116, 0.000000]
    emax: !!opencv-matrix
        rows: 1
        cols: 1
        dt: d
        data: [ 1.034045]
